 COMBOS version  3.33 (Mar 20, 2010) run on  on 24/03/10 at 17.12.02


 ==============================================================================

 W X Y Z combination: combined analysis A2 4D_WXYZ PUBLISHED
 --------------------

 List of  4 analyses to combine:

 Analysis  Experiment      Method          Quality         Measurement     Steps
       5>  A2              W               PUBLISHED       W                      1
       6>  A2              X               PUBLISHED       X                      1
       7>  A2              Y               PUBLISHED       Y                      1
       8>  A2              Z               PUBLISHED       Z                      1
 Combined  A2              4D_WXYZ         PUBLISHED       W X Y Z                1

 Statistical correlations:

 Analysis number          5      6      7      8
               5     1.0000 0.5000 0.5000 0.5000
               6     0.5000 1.0000 0.5000 0.5000
               7     0.5000 0.5000 1.0000 0.5000
               8     0.5000 0.5000 0.5000 1.0000

 CORrelated and UNCorrelated systematic uncertainties:

                    Analysis number
 Uncertainty           5   6   7   8
 A2_SYST0            COR COR COR COR
 A2_SYST1            UNC
 A2_SYST2                UNC
 A2_SYST3                    UNC
 A2_SYST4                        UNC

 "Correlated" parameters:
 A2_SYST0        0.0000E+00 +.1000E+01 -.1000E+01 0.1000E+01

 Results of combination:

       ***** CERN G100 PROB ERROR G100.1: N =      0 < 1
 CHI2_N_SYM: CHI2, NMEFF, NQUAN, NDOF =     3.4512663574862D-29  4  4  0
 CHI2_N_SYM: CHI2/NDOF, SCALE FAC, CL = set to 0.0
  
  DUMP FIT RESULTS: diag=toterror off-diag=corr. coeff=corr_sys/toterror
                                     W             X             Y             Z
 W            1.2000000      0.2000000     0.5000000     0.5000000     0.5000000
 X            0.8000000      0.5000000     0.1000000     0.5000000     0.5000000
 Y            1.2000000      0.5000000     0.5000000     0.1000000     0.5000000
 Z            0.8000000      0.5000000     0.5000000     0.5000000     0.2000000
                                     W             X             Y             Z
  
 --Averaged parameters, using only stat---
 --breakdown of errors: syst then stat-----
                                     W             X             Y             Z
 W            1.2000000      0.2000000     0.5000000     0.5000000     0.5000000
 X            0.8000000      0.5000000     0.1000000     0.5000000     0.5000000
 Y            1.2000000      0.5000000     0.5000000     0.1000000     0.5000000
 Z            0.8000000      0.5000000     0.5000000     0.5000000     0.2000000
                                     W             X             Y             Z
  
                    W      1.2000000 +/-      0.2000000 +/-      0.0000000 Tot Err:     0.2000000 Check Sys:     0.0000000
                    X      0.8000000 +/-      0.1000000 +/-      0.0000000 Tot Err:     0.1000000 Check Sys:     0.0000000
                    Y      1.2000000 +/-      0.1000000 +/-      0.0000000 Tot Err:     0.1000000 Check Sys:     0.0000000
                    Z      0.8000000 +/-      0.2000000 +/-      0.0000000 Tot Err:     0.2000000 Check Sys:     0.0000000
 Correlation between W and X =      0.5000000
 Correlation between W and Y =      0.5000000
 Correlation between W and Z =      0.5000000
 Correlation between X and Y =      0.5000000
 Correlation between X and Z =      0.5000000
 Correlation between Y and Z =      0.5000000
  

 ===============================================================================
 Dump of master.inc:

 CHROUT = DUMP_MASTER_INC 
 CHCOMB = A2 4D_WXYZ PUBLISHED
 CHMEAS = W X Y Z         
 CHSTEP =                 
  ISTEP =        1
  VSTEP = 0.0000E+00
  LUNIT =        6
  NMEAS =        4
  NQUAN =        4
  NMEFF =        4
  NCSYS =        1
  NPARA =        1
 CHANAL = A2 W PUBLISHED
          A2 X PUBLISHED
          A2 Y PUBLISHED
          A2 Z PUBLISHED

   MEAS = 0.1200000E+01  0.8000000E+00  0.1200000E+01  0.8000000E+00

   QUAN               1              2              3              4

  STATP = 0.2000000E+00  0.1000000E+00  0.1000000E+00  0.2000000E+00

  STATN = 0.2000000E+00  0.1000000E+00  0.1000000E+00  0.2000000E+00

  STAT  = 0.2000000E+00  0.1000000E+00  0.1000000E+00  0.2000000E+00

  USYSP = 0.4213080E+00  0.4301160E+00  0.1658320E+00  0.1414220E+00

  USYSN = 0.4213080E+00  0.4301160E+00  0.1658320E+00  0.1414220E+00

  USYS  = 0.4213080E+00  0.4301160E+00  0.1658320E+00  0.1414220E+00

STACOR
      1 | 0.1000000E+01  0.5000000E+00  0.5000000E+00  0.5000000E+00
      2 | 0.5000000E+00  0.1000000E+01  0.5000000E+00  0.5000000E+00
      3 | 0.5000000E+00  0.5000000E+00  0.1000000E+01  0.5000000E+00
      4 | 0.5000000E+00  0.5000000E+00  0.5000000E+00  0.1000000E+01

CSYSP
 A2_SYS | 0.2692580E+00  0.2549510E+00  0.1118030E+00  0.1414210E+00

CSYSN
 A2_SYS |-0.2692580E+00 -0.2549510E+00 -0.1118030E+00 -0.1414210E+00

CSYS
 A2_SYS | 0.2692580E+00  0.2549510E+00  0.1118030E+00  0.1414210E+00

CSYS percentage error
 A2_SYS | 0.2243817E+02  0.3186887E+02  0.9316917E+01  0.1767763E+02

 CHPARA                  PARA     EXCUP     EXCUN      EXCU

 A2_SYST0          0.0000E+00 0.1000E+01 0.1000E+01 0.1000E+01
  
 Corrected measurements:
 A2 W PUBLISHED     0.1200000E+01 +/-  0.2000000E+00 +/-  0.5000003E+00 Tot:  0.5385168E+00
 A2 X PUBLISHED     0.8000000E+00 +/-  0.1000000E+00 +/-  0.4999998E+00 Tot:  0.5099017E+00
 A2 Y PUBLISHED     0.1200000E+01 +/-  0.1000000E+00 +/-  0.2000004E+00 Tot:  0.2236072E+00
 A2 Z PUBLISHED     0.8000000E+00 +/-  0.2000000E+00 +/-  0.2000002E+00 Tot:  0.2828429E+00
  

SYSCOR
      1 | 0.0000000E+00  0.0000000E+00  0.0000000E+00  0.0000000E+00
      2 | 0.0000000E+00  0.0000000E+00  0.0000000E+00  0.0000000E+00
      3 | 0.0000000E+00  0.0000000E+00  0.0000000E+00  0.0000000E+00
      4 | 0.0000000E+00  0.0000000E+00  0.0000000E+00  0.0000000E+00

TOTCOR
      1 | 0.0000000E+00  0.0000000E+00  0.0000000E+00  0.0000000E+00
      2 | 0.0000000E+00  0.0000000E+00  0.0000000E+00  0.0000000E+00
      3 | 0.0000000E+00  0.0000000E+00  0.0000000E+00  0.0000000E+00
      4 | 0.0000000E+00  0.0000000E+00  0.0000000E+00  0.0000000E+00
       ***** CERN G100 PROB ERROR G100.1: N =      0 < 1
 CHI2_N_SYM: CHI2, NMEFF, NQUAN, NDOF =     3.5039184499344D-30  4  4  0
 CHI2_N_SYM: CHI2/NDOF, SCALE FAC, CL = set to 0.0
  
  DUMP FIT RESULTS: diag=toterror off-diag=corr. coeff=corr_sys/toterror
                              A2_SYST0             W             X             Y             Z
 A2_SYST0     0.0000000      1.0000000     0.4999993     0.5000003     0.4999974     0.4999985
 W            1.2000000      0.4999993     0.5385168     0.2864176     0.3330436     0.3813052
 X            0.8000000      0.5000003     0.2864176     0.5099017     0.2938517     0.3193369
 Y            1.2000000      0.4999974     0.3330436     0.2938517     0.2236072     0.4081115
 Z            0.8000000      0.4999985     0.3813052     0.3193369     0.4081115     0.2828429
                              A2_SYST0             W             X             Y             Z
  
 --Averaged parameters, using stat+syst---
 --breakdown of errors: syst then stat-----
                              A2_SYST0             W             X             Y             Z
 W            1.2000000      0.2692580     0.4663694     0.0485571     0.1107268     0.1750748
 X            0.8000000      0.2549510     0.0485571     0.4415878     0.0584704     0.0924499
 Y            1.2000000      0.1118030     0.1107268     0.0584704     0.1936498     0.2108175
 Z            0.8000000      0.1414210     0.1750748     0.0924499     0.2108175     0.2449494
                              A2_SYST0             W             X             Y             Z
  
                    W      1.2000000 +/-      0.4663694 +/-      0.2692580 Tot Err:     0.5385168 Check Sys:     0.2692580
                    X      0.8000000 +/-      0.4415878 +/-      0.2549510 Tot Err:     0.5099017 Check Sys:     0.2549510
                    Y      1.2000000 +/-      0.1936498 +/-      0.1118030 Tot Err:     0.2236072 Check Sys:     0.1118030
                    Z      0.8000000 +/-      0.2449494 +/-      0.1414210 Tot Err:     0.2828429 Check Sys:     0.1414210
 Correlation between W and X =      0.2864176
 Correlation between W and Y =      0.3330436
 Correlation between W and Z =      0.3813052
 Correlation between X and Y =      0.2938517
 Correlation between X and Z =      0.3193369
 Correlation between Y and Z =      0.4081115
  
 CHI2_N_SYM      :               W=0.12000E+01  +- 0.53852E+00         CL =  0.0000
                                 X=0.80000E+00  +- 0.50990E+00         RHO= +0.2864
                                 Y=0.12000E+01  +- 0.22361E+00         RHO= +0.3330 +0.2939
                                 Z=0.80000E+00  +- 0.28284E+00         RHO= +0.3813 +0.3193 +0.4081
                   stat. only -->  0.12000E+01  +- 0.20000E+00         CL =  0.0000
                                   0.80000E+00  +- 0.10000E+00         RHO= +0.5000
                                   0.12000E+01  +- 0.10000E+00         RHO= +0.5000 +0.5000
                                   0.80000E+00  +- 0.20000E+00         RHO= +0.5000 +0.5000 +0.5000
                   syst. only -->               +- 0.50000E+00                     
                                                +- 0.50000E+00         RHO= +0.2746
                                                +- 0.20000E+00         RHO= +0.3010 +0.2850
                                                +- 0.20000E+00         RHO= +0.3808 +0.3606 +0.3953


 ==============================================================================

 W X Y Z combination: combined analysis A1 4D_WXYZ PUBLISHED
 --------------------

 List of  4 analyses to combine:

 Analysis  Experiment      Method          Quality         Measurement     Steps
       1>  A1              W               PUBLISHED       W                      1
       2>  A1              X               PUBLISHED       X                      1
       3>  A1              Y               PUBLISHED       Y                      1
       4>  A1              Z               PUBLISHED       Z                      1
 Combined  A1              4D_WXYZ         PUBLISHED       W X Y Z                1

 Statistical correlations:

 Analysis number          1      2      3      4
               1     1.0000 0.5000 0.5000 0.5000
               2     0.5000 1.0000 0.5000 0.5000
               3     0.5000 0.5000 1.0000 0.5000
               4     0.5000 0.5000 0.5000 1.0000

 CORrelated and UNCorrelated systematic uncertainties:

                    Analysis number
 Uncertainty           1   2   3   4
 A1_SYST0            COR COR COR COR
 A1_SYST1            UNC
 A1_SYST2                UNC
 A1_SYST3                    UNC
 A1_SYST4                        UNC

 "Correlated" parameters:
 A1_SYST0        0.0000E+00 +.1000E+01 -.1000E+01 0.1000E+01

 Results of combination:

       ***** CERN G100 PROB ERROR G100.1: N =      0 < 1
 CHI2_N_SYM: CHI2, NMEFF, NQUAN, NDOF =     4.6345576800529D-29  4  4  0
 CHI2_N_SYM: CHI2/NDOF, SCALE FAC, CL = set to 0.0
  
  DUMP FIT RESULTS: diag=toterror off-diag=corr. coeff=corr_sys/toterror
                                     W             X             Y             Z
 W            0.8000000      0.2000000     0.5000000     0.5000000     0.5000000
 X            1.2000000      0.5000000     0.1000000     0.5000000     0.5000000
 Y            0.8000000      0.5000000     0.5000000     0.1000000     0.5000000
 Z            1.2000000      0.5000000     0.5000000     0.5000000     0.2000000
                                     W             X             Y             Z
  
 --Averaged parameters, using only stat---
 --breakdown of errors: syst then stat-----
                                     W             X             Y             Z
 W            0.8000000      0.2000000     0.5000000     0.5000000     0.5000000
 X            1.2000000      0.5000000     0.1000000     0.5000000     0.5000000
 Y            0.8000000      0.5000000     0.5000000     0.1000000     0.5000000
 Z            1.2000000      0.5000000     0.5000000     0.5000000     0.2000000
                                     W             X             Y             Z
  
                    W      0.8000000 +/-      0.2000000 +/-      0.0000000 Tot Err:     0.2000000 Check Sys:     0.0000000
                    X      1.2000000 +/-      0.1000000 +/-      0.0000000 Tot Err:     0.1000000 Check Sys:     0.0000000
                    Y      0.8000000 +/-      0.1000000 +/-      0.0000000 Tot Err:     0.1000000 Check Sys:     0.0000000
                    Z      1.2000000 +/-      0.2000000 +/-      0.0000000 Tot Err:     0.2000000 Check Sys:     0.0000000
 Correlation between W and X =      0.5000000
 Correlation between W and Y =      0.5000000
 Correlation between W and Z =      0.5000000
 Correlation between X and Y =      0.5000000
 Correlation between X and Z =      0.5000000
 Correlation between Y and Z =      0.5000000
  

 ===============================================================================
 Dump of master.inc:

 CHROUT = DUMP_MASTER_INC 
 CHCOMB = A1 4D_WXYZ PUBLISHED
 CHMEAS = W X Y Z         
 CHSTEP =                 
  ISTEP =        1
  VSTEP = 0.0000E+00
  LUNIT =        6
  NMEAS =        4
  NQUAN =        4
  NMEFF =        4
  NCSYS =        1
  NPARA =        1
 CHANAL = A1 W PUBLISHED
          A1 X PUBLISHED
          A1 Y PUBLISHED
          A1 Z PUBLISHED

   MEAS = 0.8000000E+00  0.1200000E+01  0.8000000E+00  0.1200000E+01

   QUAN               1              2              3              4

  STATP = 0.2000000E+00  0.1000000E+00  0.1000000E+00  0.2000000E+00

  STATN = 0.2000000E+00  0.1000000E+00  0.1000000E+00  0.2000000E+00

  STAT  = 0.2000000E+00  0.1000000E+00  0.1000000E+00  0.2000000E+00

  USYSP = 0.1414220E+00  0.1658320E+00  0.4301160E+00  0.4213080E+00

  USYSN = 0.1414220E+00  0.1658320E+00  0.4301160E+00  0.4213080E+00

  USYS  = 0.1414220E+00  0.1658320E+00  0.4301160E+00  0.4213080E+00

STACOR
      1 | 0.1000000E+01  0.5000000E+00  0.5000000E+00  0.5000000E+00
      2 | 0.5000000E+00  0.1000000E+01  0.5000000E+00  0.5000000E+00
      3 | 0.5000000E+00  0.5000000E+00  0.1000000E+01  0.5000000E+00
      4 | 0.5000000E+00  0.5000000E+00  0.5000000E+00  0.1000000E+01

CSYSP
 A1_SYS | 0.1414210E+00  0.1118030E+00  0.2549510E+00  0.2692580E+00

CSYSN
 A1_SYS |-0.1414210E+00 -0.1118030E+00 -0.2549510E+00 -0.2692580E+00

CSYS
 A1_SYS | 0.1414210E+00  0.1118030E+00  0.2549510E+00  0.2692580E+00

CSYS percentage error
 A1_SYS | 0.1767763E+02  0.9316917E+01  0.3186887E+02  0.2243817E+02

 CHPARA                  PARA     EXCUP     EXCUN      EXCU

 A1_SYST0          0.0000E+00 0.1000E+01 0.1000E+01 0.1000E+01
  
 Corrected measurements:
 A1 W PUBLISHED     0.8000000E+00 +/-  0.2000000E+00 +/-  0.2000002E+00 Tot:  0.2828429E+00
 A1 X PUBLISHED     0.1200000E+01 +/-  0.1000000E+00 +/-  0.2000004E+00 Tot:  0.2236072E+00
 A1 Y PUBLISHED     0.8000000E+00 +/-  0.1000000E+00 +/-  0.4999998E+00 Tot:  0.5099017E+00
 A1 Z PUBLISHED     0.1200000E+01 +/-  0.2000000E+00 +/-  0.5000003E+00 Tot:  0.5385168E+00
  

SYSCOR
      1 | 0.0000000E+00  0.0000000E+00  0.0000000E+00  0.0000000E+00
      2 | 0.0000000E+00  0.0000000E+00  0.0000000E+00  0.0000000E+00
      3 | 0.0000000E+00  0.0000000E+00  0.0000000E+00  0.0000000E+00
      4 | 0.0000000E+00  0.0000000E+00  0.0000000E+00  0.0000000E+00

TOTCOR
      1 | 0.0000000E+00  0.0000000E+00  0.0000000E+00  0.0000000E+00
      2 | 0.0000000E+00  0.0000000E+00  0.0000000E+00  0.0000000E+00
      3 | 0.0000000E+00  0.0000000E+00  0.0000000E+00  0.0000000E+00
      4 | 0.0000000E+00  0.0000000E+00  0.0000000E+00  0.0000000E+00
       ***** CERN G100 PROB ERROR G100.1: N =      0 < 1
 CHI2_N_SYM: CHI2, NMEFF, NQUAN, NDOF =     2.2943634889531D-30  4  4  0
 CHI2_N_SYM: CHI2/NDOF, SCALE FAC, CL = set to 0.0
  
  DUMP FIT RESULTS: diag=toterror off-diag=corr. coeff=corr_sys/toterror
                              A1_SYST0             W             X             Y             Z
 A1_SYST0     0.0000000      1.0000000     0.4999985     0.4999974     0.5000003     0.4999993
 W            0.8000000      0.4999985     0.2828429     0.4081115     0.3193369     0.3813052
 X            1.2000000      0.4999974     0.4081115     0.2236072     0.2938517     0.3330436
 Y            0.8000000      0.5000003     0.3193369     0.2938517     0.5099017     0.2864176
 Z            1.2000000      0.4999993     0.3813052     0.3330436     0.2864176     0.5385168
                              A1_SYST0             W             X             Y             Z
  
 --Averaged parameters, using stat+syst---
 --breakdown of errors: syst then stat-----
                              A1_SYST0             W             X             Y             Z
 W            0.8000000      0.1414210     0.2449494     0.2108175     0.0924499     0.1750748
 X            1.2000000      0.1118030     0.2108175     0.1936498     0.0584704     0.1107268
 Y            0.8000000      0.2549510     0.0924499     0.0584704     0.4415878     0.0485571
 Z            1.2000000      0.2692580     0.1750748     0.1107268     0.0485571     0.4663694
                              A1_SYST0             W             X             Y             Z
  
                    W      0.8000000 +/-      0.2449494 +/-      0.1414210 Tot Err:     0.2828429 Check Sys:     0.1414210
                    X      1.2000000 +/-      0.1936498 +/-      0.1118030 Tot Err:     0.2236072 Check Sys:     0.1118030
                    Y      0.8000000 +/-      0.4415878 +/-      0.2549510 Tot Err:     0.5099017 Check Sys:     0.2549510
                    Z      1.2000000 +/-      0.4663694 +/-      0.2692580 Tot Err:     0.5385168 Check Sys:     0.2692580
 Correlation between W and X =      0.4081115
 Correlation between W and Y =      0.3193369
 Correlation between W and Z =      0.3813052
 Correlation between X and Y =      0.2938517
 Correlation between X and Z =      0.3330436
 Correlation between Y and Z =      0.2864176
  
 CHI2_N_SYM      :               W=0.80000E+00  +- 0.28284E+00         CL =  0.0000
                                 X=0.12000E+01  +- 0.22361E+00         RHO= +0.4081
                                 Y=0.80000E+00  +- 0.50990E+00         RHO= +0.3193 +0.2939
                                 Z=0.12000E+01  +- 0.53852E+00         RHO= +0.3813 +0.3330 +0.2864
                   stat. only -->  0.80000E+00  +- 0.20000E+00         CL =  0.0000
                                   0.12000E+01  +- 0.10000E+00         RHO= +0.5000
                                   0.80000E+00  +- 0.10000E+00         RHO= +0.5000 +0.5000
                                   0.12000E+01  +- 0.20000E+00         RHO= +0.5000 +0.5000 +0.5000
                   syst. only -->               +- 0.20000E+00                     
                                                +- 0.20000E+00         RHO= +0.3953
                                                +- 0.50000E+00         RHO= +0.3606 +0.2850
                                                +- 0.50000E+00         RHO= +0.3808 +0.3010 +0.2746


 ==============================================================================

 W X Y Z combination: combined analysis ALL 4D_WXYZ PUBLISHED
 --------------------

 List of  8 analyses to combine:

 Analysis  Experiment      Method          Quality         Measurement     Steps
       1>  A1              W               PUBLISHED       W                      1
       2>  A1              X               PUBLISHED       X                      1
       3>  A1              Y               PUBLISHED       Y                      1
       4>  A1              Z               PUBLISHED       Z                      1
       5>  A2              W               PUBLISHED       W                      1
       6>  A2              X               PUBLISHED       X                      1
       7>  A2              Y               PUBLISHED       Y                      1
       8>  A2              Z               PUBLISHED       Z                      1
 Combined  ALL             4D_WXYZ         PUBLISHED       W X Y Z                1

 Statistical correlations:

 Analysis number          1      2      3      4      5      6      7      8
               1     1.0000 0.5000 0.5000 0.5000 0.0000 0.0000 0.0000 0.0000
               2     0.5000 1.0000 0.5000 0.5000 0.0000 0.0000 0.0000 0.0000
               3     0.5000 0.5000 1.0000 0.5000 0.0000 0.0000 0.0000 0.0000
               4     0.5000 0.5000 0.5000 1.0000 0.0000 0.0000 0.0000 0.0000
               5     0.0000 0.0000 0.0000 0.0000 1.0000 0.5000 0.5000 0.5000
               6     0.0000 0.0000 0.0000 0.0000 0.5000 1.0000 0.5000 0.5000
               7     0.0000 0.0000 0.0000 0.0000 0.5000 0.5000 1.0000 0.5000
               8     0.0000 0.0000 0.0000 0.0000 0.5000 0.5000 0.5000 1.0000

 CORrelated and UNCorrelated systematic uncertainties:

                    Analysis number
 Uncertainty           1   2   3   4   5   6   7   8
 A1_SYST0            COR COR COR COR
 A2_SYST0                            COR COR COR COR
 A1_SYST1            UNC
 A1_SYST2                UNC
 A1_SYST3                    UNC
 A1_SYST4                        UNC
 A2_SYST1                            UNC
 A2_SYST2                                UNC
 A2_SYST3                                    UNC
 A2_SYST4                                        UNC

 "Correlated" parameters:
 A1_SYST0        0.0000E+00 +.1000E+01 -.1000E+01 0.1000E+01
 A2_SYST0        0.0000E+00 +.1000E+01 -.1000E+01 0.1000E+01

 Results of combination:

 CHI2_N_SYM: CHI2, NMEFF, NQUAN, NDOF =     40.000005960465  8  4  4
 CHI2_N_SYM: CHI2/NDOF, SCALE FAC, CL =    10.0000014901162    3.1622778957764
     4.3284067885452D-08
  
  DUMP FIT RESULTS: diag=toterror off-diag=corr. coeff=corr_sys/toterror
                                     W             X             Y             Z
 W            1.0000000      0.1414214     0.5000000     0.5000000     0.5000000
 X            1.0000000      0.5000000     0.0707107     0.5000000     0.5000000
 Y            1.0000000      0.5000000     0.5000000     0.0707107     0.5000000
 Z            1.0000000      0.5000000     0.5000000     0.5000000     0.1414214
                                     W             X             Y             Z
  
 --Averaged parameters, using only stat---
 --breakdown of errors: syst then stat-----
                                     W             X             Y             Z
 W            1.0000000      0.1414214     0.5000000     0.5000000     0.5000000
 X            1.0000000      0.5000000     0.0707107     0.5000000     0.5000000
 Y            1.0000000      0.5000000     0.5000000     0.0707107     0.5000000
 Z            1.0000000      0.5000000     0.5000000     0.5000000     0.1414214
                                     W             X             Y             Z
  
                    W      1.0000000 +/-      0.1414214 +/-      0.0000000 Tot Err:     0.1414214 Check Sys:     0.0000000
                    X      1.0000000 +/-      0.0707107 +/-      0.0000000 Tot Err:     0.0707107 Check Sys:     0.0000000
                    Y      1.0000000 +/-      0.0707107 +/-      0.0000000 Tot Err:     0.0707107 Check Sys:     0.0000000
                    Z      1.0000000 +/-      0.1414214 +/-      0.0000000 Tot Err:     0.1414214 Check Sys:     0.0000000
 Correlation between W and X =      0.5000000
 Correlation between W and Y =      0.5000000
 Correlation between W and Z =      0.5000000
 Correlation between X and Y =      0.5000000
 Correlation between X and Z =      0.5000000
 Correlation between Y and Z =      0.5000000
  

 ===============================================================================
 Dump of master.inc:

 CHROUT = DUMP_MASTER_INC 
 CHCOMB = ALL 4D_WXYZ PUBLISHED
 CHMEAS = W X Y Z         
 CHSTEP =                 
  ISTEP =        1
  VSTEP = 0.0000E+00
  LUNIT =        6
  NMEAS =        8
  NQUAN =        4
  NMEFF =        8
  NCSYS =        2
  NPARA =        2
 CHANAL = A1 W PUBLISHED
          A1 X PUBLISHED
          A1 Y PUBLISHED
          A1 Z PUBLISHED
          A2 W PUBLISHED
          A2 X PUBLISHED
          A2 Y PUBLISHED
          A2 Z PUBLISHED

   MEAS = 0.8000000E+00  0.1200000E+01  0.8000000E+00  0.1200000E+01  0.1200000E+01  0.8000000E+00  0.1200000E+01  0.8000000E+00

   QUAN               1              2              3              4              1              2              3              4

  STATP = 0.2000000E+00  0.1000000E+00  0.1000000E+00  0.2000000E+00  0.2000000E+00  0.1000000E+00  0.1000000E+00  0.2000000E+00

  STATN = 0.2000000E+00  0.1000000E+00  0.1000000E+00  0.2000000E+00  0.2000000E+00  0.1000000E+00  0.1000000E+00  0.2000000E+00

  STAT  = 0.2000000E+00  0.1000000E+00  0.1000000E+00  0.2000000E+00  0.2000000E+00  0.1000000E+00  0.1000000E+00  0.2000000E+00

  USYSP = 0.1414220E+00  0.1658320E+00  0.4301160E+00  0.4213080E+00  0.4213080E+00  0.4301160E+00  0.1658320E+00  0.1414220E+00

  USYSN = 0.1414220E+00  0.1658320E+00  0.4301160E+00  0.4213080E+00  0.4213080E+00  0.4301160E+00  0.1658320E+00  0.1414220E+00

  USYS  = 0.1414220E+00  0.1658320E+00  0.4301160E+00  0.4213080E+00  0.4213080E+00  0.4301160E+00  0.1658320E+00  0.1414220E+00

STACOR
      1 | 0.1000000E+01  0.5000000E+00  0.5000000E+00  0.5000000E+00  0.0000000E+00  0.0000000E+00  0.0000000E+00  0.0000000E+00
      2 | 0.5000000E+00  0.1000000E+01  0.5000000E+00  0.5000000E+00  0.0000000E+00  0.0000000E+00  0.0000000E+00  0.0000000E+00
      3 | 0.5000000E+00  0.5000000E+00  0.1000000E+01  0.5000000E+00  0.0000000E+00  0.0000000E+00  0.0000000E+00  0.0000000E+00
      4 | 0.5000000E+00  0.5000000E+00  0.5000000E+00  0.1000000E+01  0.0000000E+00  0.0000000E+00  0.0000000E+00  0.0000000E+00
      5 | 0.0000000E+00  0.0000000E+00  0.0000000E+00  0.0000000E+00  0.1000000E+01  0.5000000E+00  0.5000000E+00  0.5000000E+00
      6 | 0.0000000E+00  0.0000000E+00  0.0000000E+00  0.0000000E+00  0.5000000E+00  0.1000000E+01  0.5000000E+00  0.5000000E+00
      7 | 0.0000000E+00  0.0000000E+00  0.0000000E+00  0.0000000E+00  0.5000000E+00  0.5000000E+00  0.1000000E+01  0.5000000E+00
      8 | 0.0000000E+00  0.0000000E+00  0.0000000E+00  0.0000000E+00  0.5000000E+00  0.5000000E+00  0.5000000E+00  0.1000000E+01

CSYSP
 A1_SYS | 0.1414210E+00  0.1118030E+00  0.2549510E+00  0.2692580E+00  0.0000000E+00  0.0000000E+00  0.0000000E+00  0.0000000E+00
 A2_SYS | 0.0000000E+00  0.0000000E+00  0.0000000E+00  0.0000000E+00  0.2692580E+00  0.2549510E+00  0.1118030E+00  0.1414210E+00

CSYSN
 A1_SYS |-0.1414210E+00 -0.1118030E+00 -0.2549510E+00 -0.2692580E+00  0.0000000E+00  0.0000000E+00  0.0000000E+00  0.0000000E+00
 A2_SYS | 0.0000000E+00  0.0000000E+00  0.0000000E+00  0.0000000E+00 -0.2692580E+00 -0.2549510E+00 -0.1118030E+00 -0.1414210E+00

CSYS
 A1_SYS | 0.1414210E+00  0.1118030E+00  0.2549510E+00  0.2692580E+00  0.0000000E+00  0.0000000E+00  0.0000000E+00  0.0000000E+00
 A2_SYS | 0.0000000E+00  0.0000000E+00  0.0000000E+00  0.0000000E+00  0.2692580E+00  0.2549510E+00  0.1118030E+00  0.1414210E+00

CSYS percentage error
 A1_SYS | 0.1767763E+02  0.9316917E+01  0.3186887E+02  0.2243817E+02  0.0000000E+00  0.0000000E+00  0.0000000E+00  0.0000000E+00
 A2_SYS | 0.0000000E+00  0.0000000E+00  0.0000000E+00  0.0000000E+00  0.2243817E+02  0.3186887E+02  0.9316917E+01  0.1767763E+02

 CHPARA                  PARA     EXCUP     EXCUN      EXCU

 A1_SYST0          0.0000E+00 0.1000E+01 0.1000E+01 0.1000E+01
 A2_SYST0          0.0000E+00 0.1000E+01 0.1000E+01 0.1000E+01
  
 Corrected measurements:
 A1 W PUBLISHED     0.8000000E+00 +/-  0.2000000E+00 +/-  0.2000002E+00 Tot:  0.2828429E+00
 A1 X PUBLISHED     0.1200000E+01 +/-  0.1000000E+00 +/-  0.2000004E+00 Tot:  0.2236072E+00
 A1 Y PUBLISHED     0.8000000E+00 +/-  0.1000000E+00 +/-  0.4999998E+00 Tot:  0.5099017E+00
 A1 Z PUBLISHED     0.1200000E+01 +/-  0.2000000E+00 +/-  0.5000003E+00 Tot:  0.5385168E+00
 A2 W PUBLISHED     0.1200000E+01 +/-  0.2000000E+00 +/-  0.5000003E+00 Tot:  0.5385168E+00
 A2 X PUBLISHED     0.8000000E+00 +/-  0.1000000E+00 +/-  0.4999998E+00 Tot:  0.5099017E+00
 A2 Y PUBLISHED     0.1200000E+01 +/-  0.1000000E+00 +/-  0.2000004E+00 Tot:  0.2236072E+00
 A2 Z PUBLISHED     0.8000000E+00 +/-  0.2000000E+00 +/-  0.2000002E+00 Tot:  0.2828429E+00
  

SYSCOR
      1 | 0.0000000E+00  0.0000000E+00  0.0000000E+00  0.0000000E+00  0.0000000E+00  0.0000000E+00  0.0000000E+00  0.0000000E+00
      2 | 0.0000000E+00  0.0000000E+00  0.0000000E+00  0.0000000E+00  0.0000000E+00  0.0000000E+00  0.0000000E+00  0.0000000E+00
      3 | 0.0000000E+00  0.0000000E+00  0.0000000E+00  0.0000000E+00  0.0000000E+00  0.0000000E+00  0.0000000E+00  0.0000000E+00
      4 | 0.0000000E+00  0.0000000E+00  0.0000000E+00  0.0000000E+00  0.0000000E+00  0.0000000E+00  0.0000000E+00  0.0000000E+00
      5 | 0.0000000E+00  0.0000000E+00  0.0000000E+00  0.0000000E+00  0.0000000E+00  0.0000000E+00  0.0000000E+00  0.0000000E+00
      6 | 0.0000000E+00  0.0000000E+00  0.0000000E+00  0.0000000E+00  0.0000000E+00  0.0000000E+00  0.0000000E+00  0.0000000E+00
      7 | 0.0000000E+00  0.0000000E+00  0.0000000E+00  0.0000000E+00  0.0000000E+00  0.0000000E+00  0.0000000E+00  0.0000000E+00
      8 | 0.0000000E+00  0.0000000E+00  0.0000000E+00  0.0000000E+00  0.0000000E+00  0.0000000E+00  0.0000000E+00  0.0000000E+00

TOTCOR
      1 | 0.0000000E+00  0.0000000E+00  0.0000000E+00  0.0000000E+00  0.0000000E+00  0.0000000E+00  0.0000000E+00  0.0000000E+00
      2 | 0.0000000E+00  0.0000000E+00  0.0000000E+00  0.0000000E+00  0.0000000E+00  0.0000000E+00  0.0000000E+00  0.0000000E+00
      3 | 0.0000000E+00  0.0000000E+00  0.0000000E+00  0.0000000E+00  0.0000000E+00  0.0000000E+00  0.0000000E+00  0.0000000E+00
      4 | 0.0000000E+00  0.0000000E+00  0.0000000E+00  0.0000000E+00  0.0000000E+00  0.0000000E+00  0.0000000E+00  0.0000000E+00
      5 | 0.0000000E+00  0.0000000E+00  0.0000000E+00  0.0000000E+00  0.0000000E+00  0.0000000E+00  0.0000000E+00  0.0000000E+00
      6 | 0.0000000E+00  0.0000000E+00  0.0000000E+00  0.0000000E+00  0.0000000E+00  0.0000000E+00  0.0000000E+00  0.0000000E+00
      7 | 0.0000000E+00  0.0000000E+00  0.0000000E+00  0.0000000E+00  0.0000000E+00  0.0000000E+00  0.0000000E+00  0.0000000E+00
      8 | 0.0000000E+00  0.0000000E+00  0.0000000E+00  0.0000000E+00  0.0000000E+00  0.0000000E+00  0.0000000E+00  0.0000000E+00
 CHI2_N_SYM: CHI2, NMEFF, NQUAN, NDOF =     2.7825225507907  8  4  4
 CHI2_N_SYM: CHI2/NDOF, SCALE FAC, CL =    0.69563063769768   0.83404474562081
    0.59485340118408
  
  DUMP FIT RESULTS: diag=toterror off-diag=corr. coeff=corr_sys/toterror
                              A1_SYST0      A2_SYST0             W             X             Y             Z
 A1_SYST0     0.0362139      0.8289914     0.2534387     0.3835753     0.4007167     0.2976189     0.3198589
 A2_SYST0     0.0362139      0.2534387     0.8289914     0.3198589     0.2976189     0.4007167     0.3835753
 W            0.8732697      0.3835753     0.3198589     0.2407066     0.3401557     0.2621360     0.3140587
 X            1.1463787      0.4007167     0.2976189     0.3401557     0.1974697     0.2290108     0.2621360
 Y            1.1463787      0.2976189     0.4007167     0.2621360     0.2290108     0.1974697     0.3401557
 Z            0.8732697      0.3198589     0.3835753     0.3140587     0.2621360     0.3401557     0.2407066
                              A1_SYST0      A2_SYST0             W             X             Y             Z
  
 --Averaged parameters, using stat+syst---
 --breakdown of errors: syst then stat-----
                              A1_SYST0      A2_SYST0             W             X             Y             Z
 W            0.8732697      0.0923291     0.0769921     0.2152806     0.1749447     0.0883237     0.1492604
 X            1.1463787      0.0791294     0.0587707     0.1749447     0.1764398     0.0521023     0.0883237
 Y            1.1463787      0.0587707     0.0791294     0.0883237     0.0521023     0.1764398     0.1749447
 Z            0.8732697      0.0769921     0.0923291     0.1492604     0.0883237     0.1749447     0.2152806
                              A1_SYST0      A2_SYST0             W             X             Y             Z
  
                    W      0.8732697 +/-      0.2152806 +/-      0.1076752 Tot Err:     0.2407066 Check Sys:     0.1202184
                    X      1.1463787 +/-      0.1764398 +/-      0.0886753 Tot Err:     0.1974697 Check Sys:     0.0985670
                    Y      1.1463787 +/-      0.1764398 +/-      0.0886753 Tot Err:     0.1974697 Check Sys:     0.0985670
                    Z      0.8732697 +/-      0.2152806 +/-      0.1076752 Tot Err:     0.2407066 Check Sys:     0.1202184
 Correlation between W and X =      0.3401557
 Correlation between W and Y =      0.2621360
 Correlation between W and Z =      0.3140587
 Correlation between X and Y =      0.2290108
 Correlation between X and Z =      0.2621360
 Correlation between Y and Z =      0.3401557
  
 CHI2_N_SYM      :               W=0.87327E+00  +- 0.24071E+00         CL =  0.5949
                                 X=0.11464E+01  +- 0.19747E+00         RHO= +0.3402
                                 Y=0.11464E+01  +- 0.19747E+00         RHO= +0.2621 +0.2290
                                 Z=0.87327E+00  +- 0.24071E+00         RHO= +0.3141 +0.2621 +0.3402
                   stat. only -->  0.10000E+01  +- 0.14142E+00         CL =  0.0000
                                   0.10000E+01  +- 0.70711E-01         RHO= +0.5000
                                   0.10000E+01  +- 0.70711E-01         RHO= +0.5000 +0.5000
                                   0.10000E+01  +- 0.14142E+00         RHO= +0.5000 +0.5000 +0.5000
                   syst. only -->               +- 0.19478E+00                     
                                                +- 0.18438E+00         RHO= +0.3110
                                                +- 0.18438E+00         RHO= +0.2077 +0.1892
                                                +- 0.19478E+00         RHO= +0.2160 +0.2077 +0.3110


