../../../combos/combos average.input  
 COMBOS version  3.33 (Jan 21, 2010) run on  on 22/03/10 at 10.26.35

 WARNING at (or before) word   5 of line   8 in file babar.input 
         concerning analysis BABAR PIMPIMPIPNU PUBLISHED:
         "Negative correlation coefficient specified for BABAR PIMKMPIPNU PUBLISHED"
         ---> probably OK if 2D fit is done
 WARNING at (or before) word   5 of line  10 in file babar.input 
         concerning analysis BABAR PIMPIMPIPNU PUBLISHED:
         "Negative correlation coefficient specified for BABAR KMKMKPNU PUBLISHED"
         ---> probably OK if 2D fit is done
 WARNING at (or before) word   5 of line  28 in file babar.input 
         concerning analysis BABAR PIMKMPIPNU PUBLISHED:
         "Negative correlation coefficient specified for BABAR PIMPIMPIPNU PUBLISHED"
         ---> probably OK if 2D fit is done
 WARNING at (or before) word   5 of line  29 in file babar.input 
         concerning analysis BABAR PIMKMPIPNU PUBLISHED:
         "Negative correlation coefficient specified for BABAR PIMKMKPNU PUBLISHED"
         ---> probably OK if 2D fit is done
 WARNING at (or before) word   5 of line  49 in file babar.input 
         concerning analysis BABAR PIMKMKPNU PUBLISHED:
         "Negative correlation coefficient specified for BABAR PIMKMPIPNU PUBLISHED"
         ---> probably OK if 2D fit is done
 WARNING at (or before) word   5 of line  50 in file babar.input 
         concerning analysis BABAR PIMKMKPNU PUBLISHED:
         "Negative correlation coefficient specified for BABAR KMKMKPNU PUBLISHED"
         ---> probably OK if 2D fit is done
 WARNING at (or before) word   5 of line  68 in file babar.input 
         concerning analysis BABAR KMKMKPNU PUBLISHED:
         "Negative correlation coefficient specified for BABAR PIMPIMPIPNU PUBLISHED"
         ---> probably OK if 2D fit is done
 WARNING at (or before) word   5 of line  70 in file babar.input 
         concerning analysis BABAR KMKMKPNU PUBLISHED:
         "Negative correlation coefficient specified for BABAR PIMKMKPNU PUBLISHED"
         ---> probably OK if 2D fit is done
 WARNING at (or before) word   5 of line   8 in file belle.input 
         concerning analysis BELLE PIMPIMPIPNU PUBLISHED:
         "Negative correlation coefficient specified for BELLE PIMKMPIPNU PUBLISHED"
         ---> probably OK if 2D fit is done
 WARNING at (or before) word   5 of line  28 in file belle.input 
         concerning analysis BELLE PIMKMPIPNU PUBLISHED:
         "Negative correlation coefficient specified for BELLE PIMPIMPIPNU PUBLISHED"
         ---> probably OK if 2D fit is done
 WARNING at (or before) word   5 of line  29 in file belle.input 
         concerning analysis BELLE PIMKMPIPNU PUBLISHED:
         "Negative correlation coefficient specified for BELLE PIMKMKPNU PUBLISHED"
         ---> probably OK if 2D fit is done
 WARNING at (or before) word   5 of line  49 in file belle.input 
         concerning analysis BELLE PIMKMKPNU PUBLISHED:
         "Negative correlation coefficient specified for BELLE PIMKMPIPNU PUBLISHED"
         ---> probably OK if 2D fit is done
 WARNING at (or before) word   5 of line  50 in file belle.input 
         concerning analysis BELLE PIMKMKPNU PUBLISHED:
         "Negative correlation coefficient specified for BELLE KMKMKPNU PUBLISHED"
         ---> probably OK if 2D fit is done
 WARNING at (or before) word   5 of line  70 in file belle.input 
         concerning analysis BELLE KMKMKPNU PUBLISHED:
         "Negative correlation coefficient specified for BELLE PIMKMKPNU PUBLISHED"
         ---> probably OK if 2D fit is done
 WARNING at (or before) word   1 of line  30 in file average.input 
         concerning combined analysis BABAR+BELLE+PDG ALL_METHODS:
         "More than two quantities to be fitted"
         ---> it should work but are you sure it is what you want to do?

 ==============================================================================

 M_PIMPIMPIPNU M_ combination: combined analysis BABAR+BELLE+PDG ALL_METHODS
 -----------------------------

 List of 20 analyses to combine:

 Analysis  Experiment      Method          Quality         Measurement     Steps
       1>  BABAR           PIMPIMPIPNU     PUBLISHED       M_PIMPIMPIPNU          1
       2>  BABAR           PIMKMPIPNU      PUBLISHED       M_PIMKMPIPNU           1
       3>  BABAR           PIMKMKPNU       PUBLISHED       M_PIMKMKPNU            1
       4>  BABAR           KMKMKPNU        PUBLISHED       M_KMKMKPNU             1
       5>  BELLE           PIMPIMPIPNU     PUBLISHED       M_PIMPIMPIPNU          1
       6>  BELLE           PIMKMPIPNU      PUBLISHED       M_PIMKMPIPNU           1
       7>  BELLE           PIMKMKPNU       PUBLISHED       M_PIMKMKPNU            1
       8>  BELLE           KMKMKPNU        PUBLISHED       M_KMKMKPNU             1
       9>  CLEO3           PIMPIMPIPNU     PUBLISHED       M_PIMPIMPIPNU          1
      10>  OPAL            PIMKMPIPNU      PUBLISHED       M_PIMKMPIPNU           1
      11>  CLEO3           PIMKMPIPNU      PUBLISHED       M_PIMKMPIPNU           1
      12>  CLEO            PIMKMPIPNU      PUBLISHED       M_PIMKMPIPNU           1
      13>  ALEPH           PIMKMPIPNU      PUBLISHED       M_PIMKMPIPNU           1
      14>  CLEO3           PIMKMKPNU       PUBLISHED       M_PIMKMKPNU            1
      15>  OPAL            PIMKMKPNU       PUBLISHED       M_PIMKMKPNU            1
      16>  CLEO            PIMKMKPNU       PUBLISHED       M_PIMKMKPNU            1
      17>  ALEPH           PIMKMKPNU       PUBLISHED       M_PIMKMKPNU            1
      18>  DELPHI          HMHMHPNU        PUBLISHED       M_PIMPIMPIPNU          1
      19>  OPAL            HMHMHPNU        PUBLISHED       M_PIMPIMPIPNU          1
      20>  CLEO            HMHMHPNU        PUBLISHED       M_PIMPIMPIPNU          1
 Combined  BABAR+BELLE+PDG ALL_METHODS                     M_PIMPIMPIPNU M_       1

 Statistical correlations:

 Analysis number             1          2          3          4          5          6          7          8
               1    0.1000E+01 -.1300E+00 0.1365E-02 -.1867E-02 0.0000E+00 0.0000E+00 0.0000E+00 0.0000E+00
               2    -.1300E+00 0.1000E+01 -.1506E+00 0.6194E-02 0.0000E+00 0.0000E+00 0.0000E+00 0.0000E+00
               3    0.1365E-02 -.1506E+00 0.1000E+01 -.9489E-01 0.0000E+00 0.0000E+00 0.0000E+00 0.0000E+00
               4    -.1867E-02 0.6194E-02 -.9489E-01 0.1000E+01 0.0000E+00 0.0000E+00 0.0000E+00 0.0000E+00
               5    0.0000E+00 0.0000E+00 0.0000E+00 0.0000E+00 0.1000E+01 -.3009E+00 0.5005E-02 0.2547E-02
               6    0.0000E+00 0.0000E+00 0.0000E+00 0.0000E+00 -.3009E+00 0.1000E+01 -.2008E+00 0.1067E-01
               7    0.0000E+00 0.0000E+00 0.0000E+00 0.0000E+00 0.5005E-02 -.2008E+00 0.1000E+01 -.2144E+00
               8    0.0000E+00 0.0000E+00 0.0000E+00 0.0000E+00 0.2547E-02 0.1067E-01 -.2144E+00 0.1000E+01

 CORrelated and UNCorrelated systematic uncertainties:

                    Analysis number
 Uncertainty           1   2   3   4   5   6   7   8   9  10  11  12  13  14  15  16  17  18  19  20
 BABARSYST_00        COR COR COR COR
 BABARSYST_12        COR COR
 BABARSYST_13        COR     COR
 BABARSYST_14        COR         COR
 BABARSYST_23            COR COR
 BABARSYST_24            COR     COR
 BABARSYST_34                COR COR
 BELLESYST_00                        COR COR COR COR
 BELLESYST_12                        COR COR
 BELLESYST_13                        COR     COR
 BELLESYST_14                        COR         COR
 BELLESYST_23                            COR COR
 BELLESYST_24                            COR     COR
 BELLESYST_34                                COR COR
 CLEO3OTHER_00                                       COR     COR         COR
 BABARSYST_1U        UNC
 BABARSYST_2U            UNC
 BABARSYST_3U                UNC
 BABARSYST_4U                    UNC
 BELLESYST_1U                        UNC
 BELLESYST_2U                            UNC
 BELLESYST_3U                                UNC
 BELLESYST_4U                                    UNC
 CLEO3OTHER_1U                                       UNC
 OPALOTHER_2U                                            UNC
 CLEO3OTHER_2U                                               UNC
 CLEOOTHER_2U                                                    UNC
 ALEPHOTHER_2U                                                       UNC
 CLEO3OTHER_3U                                                           UNC
 OPALOTHER_3U                                                                UNC
 CLEOOTHER_3U                                                                    UNC
 ALEPHOTHER_3U                                                                       UNC
 DELPHIOTHER_0U                                                                          UNC
 OPALOTHER_0U                                                                                UNC
 CLEOOTHER_0U                                                                                    UNC

 "Correlated" parameters:
 BABARSYST_00    0.0000E+00 +.1000E+01 -.1000E+01 0.1000E+01
 BABARSYST_12    0.0000E+00 +.1000E+01 -.1000E+01 0.1000E+01
 BABARSYST_13    0.0000E+00 +.1000E+01 -.1000E+01 0.1000E+01
 BABARSYST_14    0.0000E+00 +.1000E+01 -.1000E+01 0.1000E+01
 BABARSYST_23    0.0000E+00 +.1000E+01 -.1000E+01 0.1000E+01
 BABARSYST_24    0.0000E+00 +.1000E+01 -.1000E+01 0.1000E+01
 BABARSYST_34    0.0000E+00 +.1000E+01 -.1000E+01 0.1000E+01
 BELLESYST_00    0.0000E+00 +.1000E+01 -.1000E+01 0.1000E+01
 BELLESYST_12    0.0000E+00 +.1000E+01 -.1000E+01 0.1000E+01
 BELLESYST_13    0.0000E+00 +.1000E+01 -.1000E+01 0.1000E+01
 BELLESYST_14    0.0000E+00 +.1000E+01 -.1000E+01 0.1000E+01
 BELLESYST_23    0.0000E+00 +.1000E+01 -.1000E+01 0.1000E+01
 BELLESYST_24    0.0000E+00 +.1000E+01 -.1000E+01 0.1000E+01
 BELLESYST_34    0.0000E+00 +.1000E+01 -.1000E+01 0.1000E+01
 CLEO3OTHER_00   0.0000E+00 +.1000E+01 -.1000E+01 0.1000E+01

 "Extra" parameters:
 SIGMATAUPMY4S   0.9190E+00 +.3000E-02 -.3000E-02 0.3000E-02
 PIMPIZNU        0.2540E+00 +.9643E-03 -.9643E-03 0.9643E-03
 KMKZSNU         0.7900E-03 +.8500E-04 -.8500E-04 0.8500E-04
 PIMPIZKZSNU     0.1725E-02 +.7500E-04 -.7500E-04 0.7500E-04
 KMPIZKZSNU      0.7200E-03 +.1150E-03 -.1150E-03 0.1150E-03
 PIMKZSKZSNU     0.2400E-03 +.5000E-04 -.5000E-04 0.5000E-04
 PIMPIMPIPNU     0.8951E-01 +.7026E-03 -.7026E-03 0.7026E-03
 PIMPIMPIPPIZNU  0.4550E-01 +.1300E-02 -.1300E-02 0.1300E-02
 PIMKMPIPNU      0.2925E-02 +.7090E-04 -.7090E-04 0.7090E-04
 PIMKMKPNU       0.1430E-02 +.2790E-04 -.2790E-04 0.2790E-04
 PIMKZSKZLNU     0.9300E-03 +.1100E-03 -.1100E-03 0.1100E-03
 CHI2_N_SYM_PRT  -.1000E+01 +.0000E+00 +.0000E+00 0.0000E+00
 CHI2_N_SYM_NSUM 0.3000E+01 +.0000E+00 +.0000E+00 0.0000E+00
 CHI2_N_SYM_01   0.1800E+02 +.1234E+04 -.1234E+04 0.1234E+04
 CHI2_N_SYM_02   0.1900E+02 +.1234E+04 -.1234E+04 0.1234E+04
 CHI2_N_SYM_03   0.2000E+02 +.1234E+04 -.1234E+04 0.1234E+04

 Results of combination:

 IMEAS,CSYS =  1 -1.  0.  0.  0.
 IMEAS,CSYS =  2  0. -1.  0.  0.
 IMEAS,CSYS =  3  0.  0. -1.  0.
 IMEAS,CSYS =  4  0.  0.  0. -1.
 IMEAS,CSYS =  5 -1.  0.  0.  0.
 IMEAS,CSYS =  6  0. -1.  0.  0.
 IMEAS,CSYS =  7  0.  0. -1.  0.
 IMEAS,CSYS =  8  0.  0.  0. -1.
 IMEAS,CSYS =  9 -1.  0.  0.  0.
 IMEAS,CSYS =  10  0. -1.  0.  0.
 IMEAS,CSYS =  11  0. -1.  0.  0.
 IMEAS,CSYS =  12  0. -1.  0.  0.
 IMEAS,CSYS =  13  0. -1.  0.  0.
 IMEAS,CSYS =  14  0.  0. -1.  0.
 IMEAS,CSYS =  15  0.  0. -1.  0.
 IMEAS,CSYS =  16  0.  0. -1.  0.
 IMEAS,CSYS =  17  0.  0. -1.  0.
 IMEAS,CSYS =  18 -1. -1. -1. -1.
 IMEAS,CSYS =  19 -1. -1. -1. -1.
 IMEAS,CSYS =  20 -1. -1. -1. -1.
 CHI2_N_SYM: CHI2, NMEFF, NQUAN, CHI2/NDOF  =   2255.48261 20 4  140.967663
  
  DUMP FIT RESULTS: diag=toterror off-diag=corr. coeff=corr_sys/toterror
                         M_PIMPIMPIPNU  M_PIMKMPIPNU   M_PIMKMKPNU    M_KMKMKPNU
 M_PIMPIM     0.0869762      0.0000586    -0.2091504     0.0013884    -0.0001683
 M_PIMKMP     0.0031335     -0.2091504     0.0000085    -0.1767389     0.0048984
 M_PIMKMK     0.0014521      0.0013884    -0.1767389     0.0000070    -0.1451111
 M_KMKMKP     0.0000230     -0.0001683     0.0048984    -0.1451111     0.0000010
                         M_PIMPIMPIPNU  M_PIMKMPIPNU   M_PIMKMKPNU    M_KMKMKPNU
  
 --Averaged parameters, using only stat---
 --breakdown of errors: syst then stat-----
                         M_PIMPIMPIPNU  M_PIMKMPIPNU   M_PIMKMKPNU    M_KMKMKPNU
 M_PIMPIM     0.0869762      0.0000586    -0.2091504     0.0013884    -0.0001683
 M_PIMKMP     0.0031335     -0.2091504     0.0000085    -0.1767389     0.0048984
 M_PIMKMK     0.0014521      0.0013884    -0.1767389     0.0000070    -0.1451111
 M_KMKMKP     0.0000230     -0.0001683     0.0048984    -0.1451111     0.0000010
                         M_PIMPIMPIPNU  M_PIMKMPIPNU   M_PIMKMKPNU    M_KMKMKPNU
  
        M_PIMPIMPIPNU      0.0869762 +-      0.0000586 +-      0.0000000 Tot Err:     0.0000586 Check Sys:     0.0000000
         M_PIMKMPIPNU      0.0031335 +-      0.0000085 +-      0.0000000 Tot Err:     0.0000085 Check Sys:     0.0000000
          M_PIMKMKPNU      0.0014521 +-      0.0000070 +-      0.0000000 Tot Err:     0.0000070 Check Sys:     0.0000000
           M_KMKMKPNU      0.0000230 +-      0.0000010 +-      0.0000000 Tot Err:     0.0000010 Check Sys:     0.0000000
 Correlation between M_PIMPIMPIPNU and M_PIMKMPIPNU =     -0.2091504
 Correlation between M_PIMPIMPIPNU and M_PIMKMKPNU =      0.0013884
 Correlation between M_PIMPIMPIPNU and M_KMKMKPNU =     -0.0001683
 Correlation between M_PIMKMPIPNU and M_PIMKMKPNU =     -0.1767389
 Correlation between M_PIMKMPIPNU and M_KMKMKPNU =      0.0048984
 Correlation between M_PIMKMKPNU and M_KMKMKPNU =     -0.1451111
  
 IMEAS,CSYS =  1 -1.  0.  0.  0.
 IMEAS,CSYS =  2  0. -1.  0.  0.
 IMEAS,CSYS =  3  0.  0. -1.  0.
 IMEAS,CSYS =  4  0.  0.  0. -1.
 IMEAS,CSYS =  5 -1.  0.  0.  0.
 IMEAS,CSYS =  6  0. -1.  0.  0.
 IMEAS,CSYS =  7  0.  0. -1.  0.
 IMEAS,CSYS =  8  0.  0.  0. -1.
 IMEAS,CSYS =  9 -1.  0.  0.  0.
 IMEAS,CSYS =  10  0. -1.  0.  0.
 IMEAS,CSYS =  11  0. -1.  0.  0.
 IMEAS,CSYS =  12  0. -1.  0.  0.
 IMEAS,CSYS =  13  0. -1.  0.  0.
 IMEAS,CSYS =  14  0.  0. -1.  0.
 IMEAS,CSYS =  15  0.  0. -1.  0.
 IMEAS,CSYS =  16  0.  0. -1.  0.
 IMEAS,CSYS =  17  0.  0. -1.  0.
 IMEAS,CSYS =  18 -1. -1. -1. -1.
 IMEAS,CSYS =  19 -1. -1. -1. -1.
 IMEAS,CSYS =  20 -1. -1. -1. -1.
 CHI2_N_SYM: CHI2, NMEFF, NQUAN, CHI2/NDOF  =   69.8548386 20 4  4.36592741
  
  DUMP FIT RESULTS: diag=toterror off-diag=corr. coeff=corr_sys/toterror
                          BABARSYST_00  BABARSYST_12  BABARSYST_13  BABARSYST_14  BABARSYST_23  BABARSYST_24  BABARSYST_34  BELLESYST_00  BELLESYST_12  BELLESYST_13  BELLESYST_14  BELLESYST_23  BELLESYST_24  BELLESYST_34 CLEO3OTHER_00 M_PIMPIMPIPNU  M_PIMKMPIPNU   M_PIMKMKPNU    M_KMKMKPNU
 BABARSYS     0.7883569      0.8311873    -0.3393801    -0.2414146    -0.0794363    -0.0275012    -0.0117948    -0.0318553     0.0132710     0.0515453     0.0461410     0.0263657     0.0197136     0.0030072     0.0108104     0.3051252     0.4479447     0.0289633     0.1761457     0.0578158
 BABARSYS     0.8127653     -0.3393801     0.8402221    -0.1092044    -0.0650068    -0.0380738    -0.0647744     0.0349876     0.0073557     0.1334055    -0.0072483     0.0173870     0.0439944     0.0465559    -0.0089084     0.2080369     0.3121943     0.5341722    -0.1252570    -0.0160019
 BABARSYS     0.5188272     -0.2414146    -0.1092044     0.9216859    -0.0393796    -0.0337764     0.0176073    -0.0555102     0.0102126    -0.0075206     0.0512783     0.0201482     0.0227041    -0.0187347     0.0150793     0.1639549     0.2284620    -0.1406352     0.3197420    -0.0200562
 BABARSYS    -0.6064809     -0.0794363    -0.0650068    -0.0393796     0.9866826     0.0116762     0.0162653     0.0189617    -0.0015416     0.0024445     0.0037428     0.0234801    -0.0121181    -0.0168073    -0.0062707     0.0688612     0.1068335    -0.0560469    -0.0275632    -0.1251313
 BABARSYS     1.2610107     -0.0275012    -0.0380738    -0.0337764     0.0116762     0.9634217    -0.0332097    -0.0431787     0.0084408     0.0412781     0.0155505    -0.0102600     0.0747261     0.0263304     0.0100553    -0.0244616    -0.0598266     0.3088457     0.2521074    -0.0136661
 BABARSYS     1.3034895     -0.0117948    -0.0647744     0.0176073     0.0162653    -0.0332097     0.9754709    -0.0154680     0.0053098     0.0492120    -0.0086764    -0.0294580     0.0362462     0.0445260     0.0061728    -0.0240051    -0.0414378     0.2990156    -0.0070710     0.1874420
 BABARSYS     1.3852540     -0.0318553     0.0349876    -0.0555102     0.0189617    -0.0431787    -0.0154680     0.9664770     0.0096762    -0.0093502     0.0290749    -0.0259702     0.0362782     0.0156099     0.0210739    -0.0037028    -0.0236440    -0.0019548     0.2677786     0.1987374
 BELLESYS    -0.1617165      0.0132710     0.0073557     0.0102126    -0.0015416     0.0084408     0.0053098     0.0096762     0.9965647    -0.0358147    -0.0202517    -0.0117152    -0.0167038    -0.0071251    -0.0046969     0.0184477     0.0254295     0.0176699     0.0306263     0.0182479
 BELLESYS     0.0034565      0.0515453     0.1334055    -0.0075206     0.0024445     0.0412781     0.0492120    -0.0093502    -0.0358147     0.8629413    -0.0745806    -0.1084591    -0.0849888    -0.0710343     0.0045778     0.1079240     0.1583395     0.2088568     0.0078103     0.0147561
 BELLESYS     0.0628625      0.0461410    -0.0072483     0.0512783     0.0037428     0.0155505    -0.0086764     0.0290749    -0.0202517    -0.0745806     0.9627708    -0.0556479    -0.0314399     0.0089921    -0.0149190     0.0572804     0.0783640    -0.0007879     0.1195849     0.0129448
 BELLESYS     1.4954319      0.0263657     0.0173870     0.0201482     0.0234801    -0.0102600    -0.0294580    -0.0259702    -0.0117152    -0.1084591    -0.0556479     0.9520192     0.0158999     0.0301657     0.0109220     0.0473843     0.0712932    -0.0039944     0.0041475    -0.1143960
 BELLESYS    -1.2622981      0.0197136     0.0439944     0.0227041    -0.0121181     0.0747261     0.0362462     0.0362782    -0.0167038    -0.0849888    -0.0314399     0.0158999     0.9379853    -0.0502288    -0.0187076     0.0404239     0.0491112     0.1263060     0.1402727     0.0109245
 BELLESYS    -1.1644172      0.0030072     0.0465559    -0.0187347    -0.0168073     0.0263304     0.0445260     0.0156099    -0.0071251    -0.0710343     0.0089921     0.0301657    -0.0502288     0.9736541    -0.0062754     0.0122586     0.0166325     0.0966881     0.0003394     0.0938422
 BELLESYS    -0.4958173      0.0108104    -0.0089084     0.0150793    -0.0062707     0.0100553     0.0061728     0.0210739    -0.0046969     0.0045778    -0.0149190     0.0109220    -0.0187076    -0.0062754     0.9950330     0.0085126     0.0094798     0.0010025     0.0495134     0.0438239
 CLEO3OTH    -0.4441140      0.3051252     0.2080369     0.1639549     0.0688612    -0.0244616    -0.0240051    -0.0037028     0.0184477     0.1079240     0.0572804     0.0473843     0.0404239     0.0122586     0.0085126     0.2182275     0.6764231     0.2046050     0.1943615    -0.0008421
 M_PIMPIM     0.0895163      0.4479447     0.3121943     0.2284620     0.1068335    -0.0598266    -0.0414378    -0.0236440     0.0254295     0.1583395     0.0783640     0.0712932     0.0491112     0.0166325     0.0094798     0.6764231     0.0007026     0.2864430     0.2247855    -0.0059314
 M_PIMKMP     0.0029253      0.0289633     0.5341722    -0.1406352    -0.0560469     0.3088457     0.2990156    -0.0019548     0.0176699     0.2088568    -0.0007879    -0.0039944     0.1263060     0.0966881     0.0010025     0.2046050     0.2864430     0.0000709     0.0479168     0.0730910
 M_PIMKMK     0.0014318      0.1761457    -0.1252570     0.3197420    -0.0275632     0.2521074    -0.0070710     0.2677786     0.0306263     0.0078103     0.1195849     0.0041475     0.1402727     0.0003394     0.0495134     0.1943615     0.2247855     0.0479168     0.0000279     0.0483768
 M_KMKMKP     0.0000216      0.0578158    -0.0160019    -0.0200562    -0.1251313    -0.0136661     0.1874420     0.1987374     0.0182479     0.0147561     0.0129448    -0.1143960     0.0109245     0.0938422     0.0438239    -0.0008421    -0.0059314     0.0730910     0.0483768     0.0000015
                          BABARSYST_00  BABARSYST_12  BABARSYST_13  BABARSYST_14  BABARSYST_23  BABARSYST_24  BABARSYST_34  BELLESYST_00  BELLESYST_12  BELLESYST_13  BELLESYST_14  BELLESYST_23  BELLESYST_24  BELLESYST_34 CLEO3OTHER_00 M_PIMPIMPIPNU  M_PIMKMPIPNU   M_PIMKMKPNU    M_KMKMKPNU
  
 --Averaged parameters, using stat+syst---
 --breakdown of errors: syst then stat-----
                          BABARSYST_00  BABARSYST_12  BABARSYST_13  BABARSYST_14  BABARSYST_23  BABARSYST_24  BABARSYST_34  BELLESYST_00  BELLESYST_12  BELLESYST_13  BELLESYST_14  BELLESYST_23  BELLESYST_24  BELLESYST_34 CLEO3OTHER_00 M_PIMPIMPIPNU  M_PIMKMPIPNU   M_PIMKMKPNU    M_KMKMKPNU
 M_PIMPIM     0.0895163      0.0003147     0.0002194     0.0001605     0.0000751    -0.0000420    -0.0000291    -0.0000166     0.0000179     0.0001113     0.0000551     0.0000501     0.0000345     0.0000117     0.0000067     0.0004753     0.0003394    -0.0222859    -0.0075630    -0.0004675
 M_PIMKMP     0.0029253      0.0000021     0.0000379    -0.0000100    -0.0000040     0.0000219     0.0000212    -0.0000001     0.0000013     0.0000148    -0.0000001    -0.0000003     0.0000090     0.0000069     0.0000001     0.0000145    -0.0222859     0.0000454    -0.0175927     0.0014104
 M_PIMKMK     0.0014318      0.0000049    -0.0000035     0.0000089    -0.0000008     0.0000070    -0.0000002     0.0000075     0.0000009     0.0000002     0.0000033     0.0000001     0.0000039     0.0000000     0.0000014     0.0000054    -0.0075630    -0.0175927     0.0000223    -0.0265164
 M_KMKMKP     0.0000216      0.0000001     0.0000000     0.0000000    -0.0000002     0.0000000     0.0000003     0.0000003     0.0000000     0.0000000     0.0000000    -0.0000002     0.0000000     0.0000001     0.0000001     0.0000000    -0.0004675     0.0014104    -0.0265164     0.0000014
                          BABARSYST_00  BABARSYST_12  BABARSYST_13  BABARSYST_14  BABARSYST_23  BABARSYST_24  BABARSYST_34  BELLESYST_00  BELLESYST_12  BELLESYST_13  BELLESYST_14  BELLESYST_23  BELLESYST_24  BELLESYST_34 CLEO3OTHER_00 M_PIMPIMPIPNU  M_PIMKMPIPNU   M_PIMKMKPNU    M_KMKMKPNU
  
        M_PIMPIMPIPNU      0.0895163 +-      0.0003394 +-      0.0006152 Tot Err:     0.0007026 Check Sys:     0.0006534
         M_PIMKMPIPNU      0.0029253 +-      0.0000454 +-      0.0000544 Tot Err:     0.0000709 Check Sys:     0.0000551
          M_PIMKMKPNU      0.0014318 +-      0.0000223 +-      0.0000167 Tot Err:     0.0000279 Check Sys:     0.0000167
           M_KMKMKPNU      0.0000216 +-      0.0000014 +-      0.0000005 Tot Err:     0.0000015 Check Sys:     0.0000005
 Correlation between M_PIMPIMPIPNU and M_PIMKMPIPNU =      0.2864430
 Correlation between M_PIMPIMPIPNU and M_PIMKMKPNU =      0.2247855
 Correlation between M_PIMPIMPIPNU and M_KMKMKPNU =     -0.0059314
 Correlation between M_PIMKMPIPNU and M_PIMKMKPNU =      0.0479168
 Correlation between M_PIMKMPIPNU and M_KMKMKPNU =      0.0730910
 Correlation between M_PIMKMKPNU and M_KMKMKPNU =      0.0483768
  
 WARNING at (or before) word   1 of line  30 in file average.input 
         concerning combined analysis BABAR+BELLE+PDG ALL_METHODS:
         "PRINT_QUAN cannot handle more than 2 quantities"
         ---> PRINT_QUAN will do nothing


 Total number of WARNING messages generated by COMBOS:     16
